enemy_distance: 21.65107669586487
enemy_stiffness: 5.63279383096726
neutral_distance: 11.03036410324108
neutral_stiffness: 3.302332439243652
