distance_threshold: 16.277894973754883
enemy_distance: 22.95029640197754
enemy_stiffness: 16.738340377807617
friend_distance: 11.195135116577148
friend_stiffness: 6.776101589202881
neutral_distance: 15.666130065917969
neutral_stiffness: 2.5550811290740967
