degree_multiplier: 22.793689727783203
enemy_distance: 10.24171257019043
enemy_stiffness: 21.774194717407227
friend_distance: 0.3440096974372864
friend_stiffness: 21.13092041015625
neutral_distance: 7.569906234741211
neutral_stiffness: -0.6296148896217346
