center_attraction: -1.0933327674865723
enemy_distance: 19.694578170776367
enemy_stiffness: 1.9599108695983887
friend_distance: 2.0061824321746826
friend_stiffness: 3.596472978591919
neutral_distance: 10.868309020996094
neutral_stiffness: -0.9281432032585144
