degree_multiplier: 53.111114501953125
enemy_distance: 27.323640823364258
enemy_stiffness: 27.26082992553711
friend_distance: 7.468639373779297
friend_stiffness: 10.926861763000488
neutral_distance: 10.578932762145996
neutral_stiffness: -1.8850011825561523
