center_attraction: -0.19580909609794617
distance_threshold: 16.3134708404541
enemy_distance: 22.931276321411133
enemy_stiffness: 16.723024368286133
friend_distance: 11.154912948608398
friend_stiffness: 6.8495893478393555
neutral_distance: 15.600098609924316
neutral_stiffness: 2.290029287338257
