degree_multiplier: 14.56082534790039
enemy_distance: 8.529579162597656
enemy_stiffness: 14.342497825622559
friend_distance: 0.42894312739372253
friend_stiffness: 12.050091743469238
neutral_distance: 3.5577218532562256
neutral_stiffness: -1.7340741157531738
