center_attraction: -0.11407578736543655
enemy_distance: 22.873247146606445
enemy_stiffness: 16.6799373626709
friend_distance: 11.047764778137207
friend_stiffness: 6.9460930824279785
neutral_distance: 15.488149642944336
neutral_stiffness: 2.1481637954711914
