center_attraction: 0.22758544981479645
enemy_distance: 1.0
enemy_stiffness: 1.0
friend_distance: 1.0435813665390015
friend_stiffness: 0.9587676525115967
mass_degree_correction: 0.11157691478729248
neutral_distance: 1.202385425567627
neutral_stiffness: 0.7834256887435913
