degree_multiplier: 16.37881851196289
enemy_distance: 20.954212188720703
enemy_stiffness: 44.67811584472656
friend_distance: 10.9813871383667
friend_stiffness: 24.14854621887207
neutral_distance: 0.9772602915763855
neutral_stiffness: 0.774266242980957
