distance_threshold: 14.420479774475098
enemy_distance: 20.94917106628418
enemy_stiffness: 14.80991268157959
friend_distance: 9.82265567779541
friend_stiffness: 7.730042457580566
neutral_distance: 16.775850296020508
neutral_stiffness: 1.1881768703460693
