enemy_distance: 22.60306739807129
enemy_stiffness: 17.49947166442871
friend_distance: 10.398284912109375
friend_stiffness: 8.740938186645508
neutral_distance: 16.508575439453125
neutral_stiffness: 1.9252536296844482
