degree_multiplier: 30.60897159576416
enemy_distance: 25.957921981811523
enemy_stiffness: 30.272796630859375
friend_distance: 7.643906116485596
friend_stiffness: 11.660253524780273
neutral_distance: 8.447275161743164
neutral_stiffness: -1.6607824563980103
