degree_multiplier: 40.608970642089844
enemy_distance: 26.732606887817383
enemy_stiffness: 48.734920501708984
friend_distance: 10.908242225646973
friend_stiffness: 26.732595443725586
neutral_distance: 17.354572296142578
neutral_stiffness: 11.245150566101074
