center_attraction: 0.0
enemy_distance: 1.0
enemy_stiffness: 1.0
friend_distance: -4.79702091217041
friend_stiffness: 6.770297527313232
mass_degree_correction: 0.0
neutral_distance: -2.1478421688079834
neutral_stiffness: 4.644070148468018
