enemy_distance: 23.270225524902344
enemy_stiffness: 20.254409790039062
friend_distance: 9.023666381835938
friend_stiffness: 10.398397445678711
neutral_distance: 16.770404815673828
neutral_stiffness: 1.0580830574035645
