center_attraction: 0.0
enemy_distance: 4.703659534454346
enemy_stiffness: 5.993951320648193
friend_distance: -3.5806241035461426
friend_stiffness: 4.320806503295898
mass_degree_correction: 0.0
neutral_distance: -1.9222890138626099
neutral_stiffness: 2.6765732765197754
