center_attraction: 0.610657274723053
enemy_distance: 20.89988136291504
enemy_stiffness: 1.068108320236206
friend_distance: 4.729075908660889
friend_stiffness: 0.5629891157150269
mass_degree_correction: 0.011710465885698795
neutral_distance: 10.090282440185547
neutral_stiffness: -0.3199838697910309
