distance_threshold: 14.693147076183603
enemy_distance: 20.9423987970986
enemy_stiffness: 14.806115192199972
friend_distance: 9.793851952917139
friend_stiffness: 7.718820766271402
neutral_distance: 16.66238251481467
neutral_stiffness: 1.1863701526728165
