distance_threshold: 14.923707008361816
enemy_distance: 21.50422477722168
enemy_stiffness: 15.322776794433594
friend_distance: 10.382364273071289
friend_stiffness: 7.157981872558594
neutral_distance: 16.314287185668945
neutral_stiffness: 1.1408945322036743
