distance_threshold: 14.500882148742676
enemy_distance: 20.955026626586914
enemy_stiffness: 14.814151763916016
friend_distance: 9.825674057006836
friend_stiffness: 7.730888366699219
neutral_distance: 16.779491424560547
neutral_stiffness: 1.191374659538269
