distance_threshold: 10.74556827545166
enemy_distance: 17.8422794342041
enemy_stiffness: 2.3682639598846436
friend_distance: 3.9471991062164307
friend_stiffness: 0.4319908320903778
neutral_distance: 10.304672241210938
neutral_stiffness: 0.1842326819896698
