distance_threshold: 15.737030982971191
enemy_distance: 21.928281784057617
enemy_stiffness: 14.697463035583496
friend_distance: 9.305920600891113
friend_stiffness: 7.368443012237549
neutral_distance: 15.158510208129883
neutral_stiffness: 0.38291290402412415
