enemy_distance: 16.170392406309798
enemy_stiffness: 5.631552646651192
neutral_distance: 7.577773740573499
neutral_stiffness: 3.9570732680175897
