distance_threshold: 4.417206287384033
enemy_distance: 9.278670310974121
enemy_stiffness: 1.788706660270691
friend_distance: 1.4522085189819336
friend_stiffness: 0.6824639439582825
neutral_distance: 4.5950469970703125
neutral_stiffness: 0.3476717472076416
