distance_threshold: 14.610850381443074
enemy_distance: 20.968506694531342
enemy_stiffness: 14.799254893510412
friend_distance: 9.68898927349661
friend_stiffness: 7.741729976789922
neutral_distance: 16.583662908091412
neutral_stiffness: 1.0529889718980068
